45149847
41197782
41198087
41198504
41198924
41198984
41199521
41200957
41201681
41202657
41202660
41203111
41203331
41203575
41203949
41204840
41205289
41206359
41206481
41206569
41206615
41206626
41206714
41207094
41207536
41208863
41208890
41209591
41210211
41210734
41211261
41211722
41212026
41212957
41213354
41213393
41213581
41214010
41215268
41215306
41215651
41215810
41216306
41217776
41218772
41220154
41220327
41220405
41221254
41221342
41221405
41221495
41221641
41222183
41222955
41222955
41223544
41224806
41224837
41224837
41225173
41225402
41225440
41225702
41225893
41226234
41226362
41226365
41226509
41227208
41227325
41229140
41229243
41229997
41230264
41230645
41230714
41231175
41231175
41231594
41231662
41231983
41232167
41233027
41233257
41233444
41234456
41234763
41235638
41236041
41236653
41236653
41236683
41237049
41237205
41237931
41238431
41238661
41238721
41238849
41239628
41239811
41240462
41240846
41241130
41243350
41243540
41244039
41245232
41245269
41245399
41245421
41245652
41245931
41246316
41246437
41247472
41247805
41247875
41247910
41249586
41249933
41250037
41250362
41250599
41251052
41251311
41251459
41251520
41251727
41251768
41251900
41252155
41252216
41253751
41253912
41254210
41254406
41254440
41254992
41255563
41255582
41255772
41256584
41256727
41257264
41257365
41257703
41257928
41258050
41258842
41258933
41259190
41260664
41261311
41262119
41263231
41264006
41264172
41264804
41265278
41265280
41265565
41265848
41266501
41267033
41267723
41267723
41267924
41267981
41268157
41268668
41268693
41268737
41268737
41268976
41268987
41268991
41269493
41269800
41269948
41270602
41270683
41271004
41271067
41271067
41271297
41271312
41271312
41271549
41271577
41272343
41273387
41273866
41273887
41273995
41274895
41275516
41275606
41275863
